n_sites: 7
bond_dims: [1, 4, 16, 29, 19, 16, 4, 1]
energy: -74.93191895969873

Tensor 0 (shape (4,)):
[1. 1. 1. 1.]
q_labels 0: [[1073807360 1074069504 1074069504]
 [1073807360 1073938424 1073938424]
 [1073807360 1073807360 1073807360]
 [1073807360 1073938440 1073938440]]

Tensor 1 (shape (36,)):
[ 1.00000000e+00 -6.99144898e-03  9.99975560e-01  9.99975560e-01
  6.99144898e-03  1.00000000e+00  1.00000000e+00 -9.37127576e-01
  3.48986972e-01  3.48986972e-01  9.37127576e-01 -3.48989966e-01
  9.37126461e-01  9.37126461e-01  3.48989966e-01 -9.99468737e-01
  2.72432508e-02  1.78898892e-02  1.04729039e-07 -1.77493875e-02
 -7.02541634e-01  7.82277558e-02  7.07107227e-01 -2.07884784e-02
 -1.10128272e-01 -9.93699956e-01 -5.31916920e-06  1.77494016e-02
  7.02541687e-01 -7.82353321e-02  7.07106335e-01  1.00000000e+00
 -6.99144831e-03  9.99975560e-01  9.99975560e-01  6.99144831e-03]
q_labels 1: [[1073807360 1073807360 1073807360]
 [1073938424 1074069504 1074200568]
 [1074069504 1073938424 1074200568]
 [1073938424 1073938424 1074069488]
 [1073938440 1073938440 1074069520]
 [1073938424 1073807360 1073938424]
 [1073807360 1073938424 1073938424]
 [1073807360 1073938440 1073938440]
 [1073938440 1073807360 1073938440]
 [1074069504 1073807360 1074069504]
 [1073938424 1073938440 1074069504]
 [1073807360 1074069504 1074069504]
 [1073938440 1073938424 1074069504]
 [1074069504 1074069504 1074331648]
 [1073938440 1074069504 1074200584]
 [1074069504 1073938440 1074200584]]

Tensor 2 (shape (181,)):
[-3.87729959e-09 -6.03671283e-07 -1.00000000e+00  9.98473059e-01
 -5.52408466e-02  2.94759336e-08 -5.52408466e-02 -9.98473059e-01
  6.02963698e-07 -1.00000000e+00  6.23811192e-09 -9.95943908e-10
 -6.24040498e-09 -9.99997311e-01  2.31925334e-03 -9.81473468e-10
  2.31925334e-03  9.99997311e-01  1.00000000e+00 -9.57679000e-01
 -1.44435434e-08  2.87784132e-01 -5.12906885e-10 -5.83899482e-09
 -1.65413544e-08  4.50503792e-08 -5.38058180e-04  5.56211702e-03
  2.99482286e-09 -7.07089075e-01 -2.43738383e-08  7.06027075e-01
  3.90611837e-02  2.60236867e-05  5.00331506e-03  6.26157676e-08
  1.23218276e-08  9.19538263e-10 -5.00343561e-03 -7.22859620e-10
 -3.90611742e-02  7.06026072e-01 -3.57560511e-03 -7.07081035e-01
  6.45976697e-06  7.26156681e-06  2.87824143e-01 -8.89436439e-09
  9.57644230e-01  2.27449082e-08 -6.92668026e-09 -2.55365478e-08
  7.11332213e-08 -9.38279305e-04  8.59713125e-03  2.86277594e-03
  1.28163055e-09 -9.88556264e-03  6.05112180e-10 -1.25175699e-06
 -3.02035997e-06  8.31898330e-06 -7.51509469e-02  9.97119058e-01
 -3.01726014e-05  1.65757879e-09  3.11353614e-04 -1.15776269e-08
 -2.34805231e-06 -1.07558839e-05  7.59230912e-06  9.97171583e-01
  7.51580790e-02 -1.64539600e-10  6.11502458e-09  2.71235676e-09
  4.76837710e-09 -1.63807989e-05  9.99987131e-01 -5.07314481e-03
  1.05335100e-05  3.86527015e-06 -1.29421082e-08  7.07089083e-01
 -6.42100757e-09  7.06027066e-01  3.90611691e-02 -2.47512690e-05
 -5.00342734e-03  1.29361085e-07  9.90909681e-08 -4.90394258e-10
  5.00343561e-03 -2.28928150e-09 -3.90611787e-02  7.06028069e-01
  3.59872560e-03  7.07078924e-01 -3.28706410e-06 -5.24968678e-06
 -1.00000000e+00 -6.36750966e-11  5.59672707e-10  6.49729484e-11
 -9.99997311e-01  2.31925377e-03  5.59523523e-10  2.31925377e-03
  9.99997311e-01 -9.98473059e-01 -5.52408467e-02 -2.83321127e-08
  5.52408467e-02 -9.98473059e-01 -3.96391402e-07 -6.39185452e-09
 -3.97351226e-07  1.00000000e+00 -2.29991126e-08 -2.85015007e-08
  3.90584017e-08 -3.24247706e-08 -9.99873981e-01  1.44331113e-02
  5.16283877e-03  5.67842501e-08  4.12943477e-03 -6.99897660e-03
 -2.11233280e-08 -6.81881036e-01  1.32206986e-04 -8.11717536e-08
 -2.19564415e-01  2.21723066e-08  4.29383110e-02 -1.82386694e-06
 -2.05594968e-07  9.94436558e-01 -4.21958214e-07 -6.52231283e-08
 -7.24632156e-02 -1.34568096e-05 -1.51502452e-07 -5.54927466e-02
  1.88135737e-05 -6.94595599e-08 -3.03623381e-02 -1.64547203e-05
 -9.99969652e-01 -1.88298833e-07  2.35778115e-03  3.41928712e-03
 -5.07816712e-08 -6.97727855e-01 -1.16549119e-08  9.94436552e-01
 -1.10012348e-06  3.20748465e-08 -7.24632964e-02 -4.50162256e-06
 -1.28254199e-07 -5.54930843e-02 -2.45097269e-05 -1.58255025e-07
  3.03616363e-02 -1.96021335e-05  6.99904110e-03 -1.33441327e-07
  6.81885909e-01  1.32203695e-04 -2.42072382e-07 -2.19559824e-01
 -9.99969652e-01 -1.32210072e-08  2.35787554e-03  3.41928193e-03
  5.98854177e-08 -6.97724537e-01  1.99687852e-08 -4.29383641e-02
 -1.92113030e-06]
q_labels 2: [[1074069520 1074069504 1074331664]
 [1074200584 1073938440 1074331664]
 [1074331648 1073938424 1074462712]
 [1074200568 1074069504 1074462712]
 [1074331648 1074069504 1074593792]
 [1074331648 1073807360 1074331648]
 [1074200584 1073938424 1074331648]
 [1074069504 1074069504 1074331648]
 [1074200568 1073938440 1074331648]
 [1074331648 1073938440 1074462728]
 [1074200584 1074069504 1074462728]
 [1074200568 1073938424 1074331632]
 [1074069488 1074069504 1074331632]
 [1073938440 1073938424 1074069504]
 [1073938424 1073938440 1074069504]
 [1074069504 1073807360 1074069504]
 [1073807360 1074069504 1074069504]
 [1073938424 1074069504 1074200568]
 [1074069488 1073938440 1074200568]
 [1074069504 1073938424 1074200568]
 [1074200568 1073807360 1074200568]
 [1074069504 1073938440 1074200584]
 [1073938440 1074069504 1074200584]
 [1074200584 1073807360 1074200584]
 [1074069520 1073938424 1074200584]]

Tensor 3 (shape (205,)):
[-1.00000000e+00 -5.29050965e-08 -1.22719970e-07  1.33744499e-07
 -4.29097915e-01 -9.01101445e-01  1.11887021e-09 -2.39416181e-04
 -6.89467673e-02  4.96497940e-09  9.03257949e-01 -4.28091731e-01
 -3.86384660e-01  4.42971134e-09  1.42567644e-04 -3.68869202e-01
  3.86384641e-01  3.43990536e-09 -1.42567515e-04  7.48380825e-01
  7.61681488e-08 -7.26318378e-02 -3.17530177e-08 -8.26642151e-09
  4.42178188e-08 -3.06725487e-08 -1.44021193e-04 -1.08093703e-04
 -3.27140029e-01 -6.38518308e-04  1.26879417e-10  9.44975658e-01
  2.19211877e-08 -8.93993944e-10  1.00000000e+00 -1.90007603e-01
 -1.72691829e-07 -4.64326021e-08 -1.63643742e-01 -3.18264544e-03
  2.68061751e-09  8.19601262e-01 -9.21209307e-08  1.72432366e-07
  3.45702015e-01 -9.55128715e-02  6.21832622e-08  6.20347663e-08
 -4.22071815e-01 -9.82323655e-08 -3.59363722e-02  6.16751799e-03
  5.27696223e-05 -3.12694871e-05  1.03549257e-02  1.49139549e-03
 -1.47712813e-08 -1.16553763e-04 -4.64616866e-09 -1.09090647e-07
  5.61512036e-01 -5.31878677e-01 -2.45803296e-07  2.59924784e-03
  3.65616164e-08  1.13039704e-07 -5.96899445e-01 -7.16855956e-09
 -5.08218701e-02 -8.72260682e-03  3.30536496e-09 -2.23350036e-08
  5.89678482e-01  5.33181626e-09 -6.68198694e-01 -1.93203156e-06
 -1.50082090e-01 -8.80303129e-09  4.05104224e-01  1.68064360e-08
 -4.99412733e-01 -3.02210912e-03 -4.11500753e-11 -7.57155580e-03
 -1.61364441e-10 -5.42538345e-05  5.63108835e-01  2.27197173e-08
 -3.48915686e-01  2.24814950e-08 -6.44568742e-01 -7.97110491e-01
 -2.22310736e-08 -4.36258903e-01  8.35515740e-09 -2.73546259e-01
  1.30129146e-08 -5.51868259e-01 -2.29465790e-08  2.78397483e-09
 -3.26569225e-06 -4.95557516e-02 -7.87233137e-09  5.99668650e-01
  1.36424548e-08  1.00707690e-01  1.44420534e-10  5.16850957e-11
 -3.42813436e-09  3.27140030e-01 -1.55022952e-06 -1.01110734e-10
  4.65926917e-11 -1.55040224e-10 -6.38517321e-04  3.60428523e-08
  2.68875928e-10  4.49198201e-08  3.62364339e-10 -8.28726306e-10
  2.15458790e-06 -3.00575922e-10  8.80703619e-06 -4.61090101e-10
  3.36022216e-10  3.20112500e-07  1.67174192e-06 -1.13573149e-11
  3.28393996e-06 -3.97227246e-12  1.15860092e-02 -1.47617673e-06
 -4.98708619e-12 -2.35229572e-06  7.21791128e-12  2.44798166e-02
  2.17444368e-08 -5.89678482e-01  1.14190624e-08 -6.68198697e-01
  1.12120847e-06  1.50082088e-01  6.31746500e-09 -4.05104227e-01
 -2.16859369e-08  4.99414618e-01  3.02210924e-03  8.60060730e-11
  7.57155572e-03  3.67918369e-09  5.40084559e-05 -5.21442400e-09
 -9.03257939e-01 -4.28091838e-01  1.00000000e+00 -2.06013722e-08
  3.17190087e-08  3.70297177e-08  4.29097937e-01 -9.01101620e-01
  8.46663926e-09  2.39408004e-04 -6.89438095e-02 -4.97293133e-08
  5.96899599e-01  2.54618476e-08 -5.08218782e-02  8.72261823e-03
  1.21592589e-08  1.90007621e-01 -8.27986269e-08 -5.16415307e-08
  1.63643654e-01  3.18264237e-03  2.94101841e-09  6.59761712e-08
 -5.61511989e-01  5.31878747e-01  3.09585604e-07 -2.59925268e-03
 -3.67386246e-08 -8.19601209e-01  1.49970172e-07 -1.77721044e-07
 -3.45701959e-01  9.55128890e-02 -9.15051506e-08  9.30597656e-09
 -4.22071728e-01 -9.21821890e-08 -3.59364974e-02  6.16772518e-03
 -5.28599739e-05 -3.13102233e-05 -1.03548927e-02 -1.49133674e-03
  1.51054774e-08  1.16553047e-04  5.51429425e-09 -9.44975657e-01
  2.32062235e-08 -5.85336413e-10 -3.27140030e-01  6.38518202e-04
 -1.00373251e-10]
q_labels 3: [[1074462728 1074069504 1074724872]
 [1074593792 1073938440 1074724872]
 [1074200568 1073938440 1074331648]
 [1074069504 1074069504 1074331648]
 [1074200584 1073938424 1074331648]
 [1074331648 1073807360 1074331648]
 [1074331664 1074069504 1074593808]
 [1074462728 1073938440 1074593808]
 [1074593792 1074069504 1074855936]
 [1074200568 1074069504 1074462712]
 [1074331648 1073938424 1074462712]
 [1074462712 1073807360 1074462712]
 [1074331632 1073938440 1074462712]
 [1074462728 1073938424 1074593792]
 [1074593792 1073807360 1074593792]
 [1074331648 1074069504 1074593792]
 [1074462712 1073938440 1074593792]
 [1074593792 1073938424 1074724856]
 [1074462712 1074069504 1074724856]
 [1074331664 1073938424 1074462728]
 [1074200584 1074069504 1074462728]
 [1074462728 1073807360 1074462728]
 [1074331648 1073938440 1074462728]
 [1074462712 1073938424 1074593776]
 [1074331632 1074069504 1074593776]]

Tensor 4 (shape (127,)):
[ 1.00000000e+00 -2.77999845e-13 -1.34439771e-13  1.00000000e+00
 -1.07164889e-08 -1.07167243e-08 -1.00000000e+00 -9.68612133e-09
  2.42949215e-05 -4.86277685e-14  3.85148384e-14 -1.43009197e-15
 -9.33859028e-14  4.29431445e-14 -1.86517468e-14 -2.12622495e-14
 -1.66904213e-13  8.70610609e-15 -1.51765958e-14 -2.95319325e-14
 -3.40601755e-14 -4.20622429e-14 -7.34797546e-15 -8.24571851e-14
 -8.21565038e-15 -1.28464577e-15 -1.40375854e-14  1.19720974e-14
  1.44521878e-13  1.17913080e-14  2.60607216e-14 -1.59011100e-14
 -4.56794654e-14  1.88811996e-01  6.60752573e-09 -3.57914395e-01
 -1.17049310e-08  9.81932416e-01 -3.24887772e-09  8.07588460e-02
  2.40495429e-09  1.93246443e-09  1.00000000e+00  3.37547651e-09
  2.76121131e-16 -1.25999765e-02 -8.04265440e-10  9.30255499e-01
 -8.13579997e-09  2.53982834e-10  1.97510586e-16 -3.18478770e-09
 -1.00000000e+00 -1.87686056e-05 -3.59965927e-12 -7.68732591e-06
 -4.09053930e-11 -2.34719597e-08  7.22115605e-01 -3.42978871e-02
  4.65235146e-08 -2.46817981e-03  1.06802358e-07 -6.55907648e-13
  6.67251916e-14 -4.96081462e-13 -3.99768672e-13 -9.07616452e-13
 -5.31240926e-13 -4.21054714e-13  3.23391996e-14 -7.99564712e-13
  6.23837040e-13 -5.59793800e-13  6.43214495e-13 -9.99408607e-01
 -2.90737712e-08 -1.48138941e-08  6.91772400e-01 -9.10382880e-15
  1.18679186e-13  1.84515779e-01  2.24463412e-08  9.34959072e-03
 -2.46879544e-08  7.46399749e-03 -9.82756736e-01  7.14798212e-14
  1.34638838e-13 -9.99408606e-01 -4.86010042e-07  2.47635665e-07
 -6.91772388e-01 -1.40192656e-13 -6.72094754e-13  8.76417507e-13
  1.83199457e-13 -9.82391542e-14  3.72713452e-13 -4.17939086e-13
  1.17834161e-13  1.38729795e-14  6.37958905e-13  6.99822451e-13
  5.14212578e-13  4.36742272e-07 -7.22115616e-01 -3.42979119e-02
 -2.35839368e-08  2.46823135e-03  6.25678049e-08 -1.00000000e+00
 -1.09982232e-13 -8.79227455e-14  4.31279073e-14 -4.58522109e-13
 -7.30161927e-13 -1.00000000e+00 -1.02565231e-09 -1.02551905e-09
  1.00000000e+00 -5.48498889e-09  2.42954490e-05 -3.64153152e-14
 -1.58923169e-13 -6.59838843e-14 -1.00000000e+00]
q_labels 4: [[1074855936 1074069504 1075118080]
 [1074855936 1073938440 1074987016]
 [1074724872 1074069504 1074987016]
 [1074724856 1073938440 1074855936]
 [1074724872 1073938424 1074855936]
 [1074855936 1073807360 1074855936]
 [1074593792 1074069504 1074855936]
 [1074724872 1073807360 1074724872]
 [1074593808 1073938424 1074724872]
 [1074593792 1073938440 1074724872]
 [1074462728 1074069504 1074724872]
 [1074462728 1073938424 1074593792]
 [1074593792 1073807360 1074593792]
 [1074331648 1074069504 1074593792]
 [1074462712 1073938440 1074593792]
 [1074462712 1074069504 1074724856]
 [1074593792 1073938424 1074724856]
 [1074593776 1073938440 1074724856]
 [1074724856 1073807360 1074724856]
 [1074593808 1074069504 1074855952]
 [1074724872 1073938440 1074855952]
 [1074855936 1073938424 1074987000]
 [1074724856 1074069504 1074987000]
 [1074724856 1073938424 1074855920]
 [1074593776 1074069504 1074855920]]

Tensor 5 (shape (36,)):
[ 1.30826146e-01 -1.69250596e-08 -5.22875852e-08  8.69986371e-01
  7.33706715e-09  2.73167121e-01 -4.79446449e-09  4.63401788e-02
  9.96773607e-01  1.60485818e-09  7.36729824e-03 -6.57159693e-10
 -7.36729817e-03 -7.06708718e-02 -2.15171660e-09  3.65984932e-02
 -5.07189834e-10  1.30826145e-01 -6.93049834e-09 -1.63569258e-08
  8.69986372e-01 -1.78377581e-09 -2.73167120e-01 -4.11983816e-02
 -1.92404709e-08 -1.38815003e-01  9.42275124e-01  1.92909896e-08
  2.99087567e-01  1.91568010e-09  3.86316638e-01 -4.11983798e-02
 -3.13769167e-09  3.86316639e-01 -2.93998759e-08  4.63401853e-02]
q_labels 5: [[1074987016 1073807360 1074987016]
 [1074855936 1073938440 1074987016]
 [1074724872 1074069504 1074987016]
 [1075118080 1073807360 1075118080]
 [1074987016 1073938424 1075118080]
 [1074987000 1073938440 1075118080]
 [1074855936 1074069504 1075118080]
 [1074987000 1073807360 1074987000]
 [1074855936 1073938424 1074987000]
 [1074724856 1073938440 1074855936]
 [1074593792 1074069504 1074855936]
 [1074855936 1073807360 1074855936]
 [1074855920 1073938440 1074987000]
 [1074724872 1073938424 1074855936]
 [1074855952 1073938424 1074987016]
 [1074724856 1074069504 1074987000]]

Tensor 6 (shape (4,)):
[ 0.09486241 -0.99021693 -0.07235865  0.07235865]
q_labels 6: [[1074855936 1074069504 1075118080]
 [1075118080 1073807360 1075118080]
 [1074987000 1073938440 1075118080]
 [1074987016 1073938424 1075118080]]

